Location_zh	Location	Station	Lat	Lon	Progress	DHW	Chlro_a	AvgWaveHigh	par	poc	pop	Actinaria	Artificial Debris	Ascidian	Bare substrate	CCA	Corallimorpharia	Cyanobacteria	Hard coral	Macroalgae	Octocoral	Other mobile invertebrates	Sponge	Turf	TWS	Zoanthid	Site#Depth
北台灣	North	彭佳嶼	25.629	122.078	2021期末	24.87	0.413	1.577	31.677	94.4	3066.172	0	0	0	0.014949716	0.146891224	0	0	0.439838005	6.14E-05	0.091847031	0	0.00030812	0.290024288	0.000613294	0.01546693	Pengjia#5m
北台灣	North	棉花嶼	25.485	122.105	2022期末	24.915	0.458	1.57	31.732	98.96	1314.074	0	0	0	0.017873299	0.176294395	0	0	0.417729928	0.001632025	0.012886087	0	0.001566907	0.360223842	0.003339432	0.008454086	Mianhua#5m
北台灣	North	花瓶嶼	25.424	121.946	2021期末	24.605	0.498	1.526	31.634	108.08	0	0	0	0	0.023595783	0.493990098	0	0	0.035715799	0.000127025	0.000224555	0	0.002207845	0.440559304	0.002663135	0.000916455	Huaping#5m
北台灣	North	基隆嶼	25.191	121.785	2021期末	24.401	0.921	1.374	29.295	170.56	844588.083	0	0	0	0.033183614	0.18373816	0	0	0.352684104	0.001722095	0.021562285	0	0.001070843	0.357743295	0.01663548	0.031660123	Keelung_Island#5m
北台灣	North	潮境	25.14431	121.80504	2021期末	24.453	0.768	1.374	28.372	153.08	902991.42	0	0	0	0.030467218	0.266805716	0	0	0.310876607	0.003396789	0.022964004	0	0.000300225	0.325296836	0.009108182	0.030784425	Chaojing#5m
北台灣	North	深澳	25.13507	121.8199	2021期末	24.486	0.768	1.376	28.372	153.08	778542.453	0	0	0	0.040584585	0.182785726	0	0	0.137404549	0.042730712	0.006946703	0	0.000150612	0.578033508	0.007685927	0.003677676	Shenao#5m
北台灣	North	鼻頭	25.12585	121.91388	2021期末	24.704	0.661	1.394	29.044	137.08	30336.784	0	0	0	0.025715736	0.337820767	0	0	0.218694114	0.003127122	0.015089058	0	0.002207626	0.282273672	0.007442359	0.107629546	Bitoujiao#5m
北台灣	North	82.5	25.121	121.898	2021期末	24.669	0.617	1.388	28.108	132.24	67589.184	0	0	0	0.031242705	0.276304947	0	0	0.282888882	0.002463347	0.010593386	0	0.000475652	0.371057556	0.002536329	0.022437196	82.5#5m
北台灣	North	龍洞	25.11339	121.91933	2021期末	24.733	0.633	1.388	29.419	129.8	29814.259	0	0	0	0.034164103	0.431673285	0	0	0.059957356	0.035370239	0.020372111	0	0.000170469	0.391073372	0.001439408	0.025779657	Longdong#5m
北台灣	North	美艷山	25.071	121.924	2022期末	24.805	0.617	1.362	28.971	130.32	32570.86	0	0	0	0.041696333	0.287800431	0	0	0.097756281	0.031126237	0.019402175	0.000105958	0.000533378	0.494412366	0.004481	0.022685842	Meiyanshan#5m
北台灣	North	桂安漁港	25.023	121.963	2022期中	25.012	0.645	1.326	29.785	131.28	17652.095	0	0	0	0.043199623	0.233098378	0	0	0.031293328	0.020082872	0.011540822	0	0.000739386	0.652452289	0.006203716	0.001389585	Guian_Harbor#5m
北台灣	North	馬崗	25.018	121.999	2022期中	25.139	0.645	1.316	29.785	131.28	10516.282	0	0	0	0.052715458	0.46109215	0	0	0.091061796	0.021480096	0.008214787	0.000631928	0.006524545	0.323381306	0.022366386	0.012531547	Magang#5m
北台灣	North	卯澳	25.018	121.99	2021期末	25.108	0.645	1.318	29.785	131.28	12823.809	0	0	0	0.088822587	0.452208861	0	0	0.069917278	0.040356575	0.017767096	0	0.000622802	0.309078126	0.006025525	0.015201151	Maoao#5m
北台灣	North	龜山島(I)	24.843	121.937	2022期末	25.458	0.606	1.34	30.528	123.4	4900.099	0	0	0	0.030015144	0.174999523	0	0	0.130277178	0.000741584	0.026861271	0	0.001873116	0.625162067	0.008077567	0.001992551	Guishandao_1#5m
北台灣	North	龜山島(II)	24.84581	121.94379	2022期末	25.468	0.606	1.339	30.528	123.4	4323.617	0	0	0	0.037231218	0.276972532	0	0	0.078269264	0.01300294	0.189379832	0.000474209	0.002367666	0.387275015	0.014500247	0.000527076	Guishandao_2#5m
北台灣	North	小香蘭	25.02667	121.97327	2021期末	25.032	0.645	1.328	29.785	131.28	15443.124	0	0	0	0.014897736	0.486423268	0	0	0.068768392	0.029627306	0.010948995	0	0.00234361	0.370662575	0.010546173	0.005781946	Xiaoxianglan#5m
北台灣	North	和平島	25.16083	121.7715	2021期末	24.386	0.803	1.366	28.317	157.4	963989.733	0	0	0	0.020698002	0.403146513	0	0	0.132145625	0.017672078	0.009268173	0	0.002939489	0.394508437	0.008481916	0.011139766	Hepingdao#5m
北台灣	North	外木山	25.1656	121.7224	2021期末	24.318	1.03	1.358	28.026	187.48	1000487.247	0	0	0	0.0192065	0.390944604	0	0	0.197987888	0.036251812	0.009161296	0	0.000124046	0.319958045	0.016193282	0.010172526	Waimushan#5m
北台灣	North	協和	25.15898	121.7405	2021期末	24.344	1.03	1.358	28.026	187.48	997978.429	0	0	0	0.011879392	0.327171262	0	0	0.145866597	0.047623583	0.016824564	0	0.000791683	0.412897662	0.001157098	0.03578816	Xiehe#5m
北台灣	North	蝙蝠洞	25.1277	121.8314	2021期末	24.513	0.768	1.377	28.372	153.08	657038.073	0	0	0	0.04404234	0.365824175	0	0	0.109684653	0.004604636	0.015134325	0	0	0.45192638	0.002518829	0.006264662	Bianfudong#5m
東台灣	East	粉鳥林	24.498	121.844	2022期末	26.382	0.399	1.202	28.408	94.12	44148.859	0	0	0	0.022765279	0.083551292	0	0	0.146830037	0.000938961	0.293574733	9.65E-05	0.00193737	0.415530751	0.029753792	0.005021291	Fenniaolin#5m
東台灣	East	烏石鼻	24.482	121.862	2022期中	26.41	0.399	1.226	28.408	94.12	36852.516	0	0	0	0.035462795	0.200034995	0	0	0.121772531	0.001070325	0.132365605	0	0.013463245	0.472150773	0.009898489	0.013781244	Wushibi#5m
東台灣	East	磯崎	23.694	121.552	2022期中	26.81	0.37	1.479	31.498	88.6	12522.437	0	0	0	0.031474686	0.252681863	0	0	0.009570716	0.011139739	0.003124111	0	0.00050152	0.679878411	0.010875933	0.000753021	Jiqi#5m
東台灣	East	新社	23.661	121.543	2022期中	26.819	0.321	1.481	31.58	80.28	11045.034	0	0	0	0.030672817	0.230626364	0	0	0.080086436	0.016033443	0.022464255	0	0.000742029	0.575068521	0.039397168	0.004908967	Xinshe#5m
東台灣	East	石梯坪	23.483	121.514	2022期末	26.854	0.391	1.25	31.222	90.64	9064.754	0	0	0	0.036821261	0.224125052	0	0	0.172880382	0.003309373	0.07410928	0	0.000516077	0.42955815	0.048099257	0.010581168	Shitiping#5m
東台灣	East	石雨傘	23.177	121.404	2022期中	26.928	0.458	1.311	29.809	104.08	16388.429	0	0	0	0.016661426	0.338137469	0	0	0.050400028	0.016867975	0.020862103	7.70E-05	0.00153871	0.52173356	0.029777338	0.003944416	Shiyusan#5m
東台灣	East	基翬	23.118	121.397	2022期中	26.967	0.386	1.341	32.3	93.68	14823.44	0	0	0	0.03097563	0.098996397	0	0	0.326040642	0.001091346	0.092801197	6.79E-05	0.00041455	0.40002	0.037592819	0.011999546	Jihui#5m
東台灣	East	加母子灣	23.116	121.397	2022期中	26.969	0.386	1.342	32.3	93.68	14776.142	0	0	0	0.058568419	0.111920607	0	0	0.245039653	0.005566995	0.116465752	0	0.000886215	0.408116893	0.04306799	0.010367477	Jiamuziwan#5m
澎湖	Penghu	目斗嶼	23.78733	119.60176	2021期末	25.087	1.623	1.355	35.115	219.88	6064.448	0	0	0	0.085569653	0.314857832	0	0	0.239225364	0.013887746	0.02177381	0	3.25E-05	0.318278116	0.00592106	0.000453958	Mudouyu#5m
澎湖	Penghu	姑婆嶼	23.71495	119.55799	2021期中	24.975	0.998	1.275	35.251	170.56	20676.153	0	0	0	0.458251405	0.137038811	0	0	0.161731049	0.015646659	0.009988726	0	0.001520179	0.214709382	0.00099487	0.000118919	Gupoyu#5m
澎湖	Penghu	北鐵砧	23.71258	119.56742	2021期中	24.999	0.998	1.271	35.251	170.56	21902.402	0	0	0	0.044458184	0.159543715	0	0	0.364592256	0.000721569	0.024820174	0	0.000958397	0.395793497	0.003658302	0.005453906	Tiezhenyu_North#5m
澎湖	Penghu	南鐵砧	23.27507	119.50363	2021期末	25.449	0.734	0.332	37.824	137.16	3653.187	0	0	0	0.023377128	0.059513039	0	0	0.616547605	0.000243439	0.067525961	0.000693327	0.000599089	0.212601539	0.01134162	0.007557253	Tiezhenyu_South#5m
澎湖	Penghu	澎澎灘	23.67268	119.6388	2021期中	25.246	1.543	1.225	35.388	211.08	38722.366	0	0	0	0.082357821	0.179139778	0	0	0.220745361	0.007072557	0.008627095	0.000308549	0.000293125	0.479831539	0.021396677	0.000227497	Ponpontan#5m
澎湖	Penghu	鯨魚洞	23.65721	119.5224	2021期中	24.905	1.021	1.117	35.071	174.52	36386.211	0	0	0	0.012589124	0.228817022	0	0	0.229715373	0.002227768	0.020141951	0	0.000215138	0.486833806	0.012209244	0.007250574	Jingyudong#5m
澎湖	Penghu	小門嶼	23.65166	119.52856	2021期中	24.924	1.021	1.107	35.071	174.52	45543.985	0	0	0	0.025519032	0.252833178	0	0	0.297471464	0.004422742	0.038797382	0	2.71E-05	0.33563602	0.036011784	0.009281271	Xiaomenyu#5m
澎湖	Penghu	四角嶼	23.55648	119.54309	2021期末	25.047	1.293	0.887	34.445	204.32	171661.278	0	0	0	0.034548132	0.059383384	0	0	0.442347608	0.0006925	0.026599048	8.91E-05	0.000861908	0.414646419	0.019885546	0.000946312	Sijiaoyu#5m
澎湖	Penghu	雞籠嶼	23.5424	119.53077	2021期末	25.031	1.293	0.829	35.635	204.32	157174.311	0	0	0	0.178472834	0.056079889	0	0	0.30157097	0.000356128	0.024291144	0.000617252	0.000371092	0.434337902	0.00382773	7.51E-05	Keelungyu#5m
澎湖	Penghu	懷恩堂	23.53386	119.61486	2021期末	25.333	0.735	0.972	35.859	135.96	161887.333	0	0	0	0.017873053	0.072355086	0	0	0.704195737	0.000746561	0.002661395	0	0.000389243	0.194336862	0.005440494	0.002001568	Huaientang#5m
澎湖	Penghu	青灣	23.53421	119.56421	2022期中	25.111	1.096	0.874	35.576	172.52	165987.831	0	0	0	0.139405981	0.07480298	0	0	0.148888273	0.001612456	0.010658349	0	0.001166118	0.591669236	0.022300031	0.009496577	Qingwan#5m
澎湖	Penghu	青灣內灣	23.52964	119.55956	2021期中	25.103	1.096	0.854	35.576	172.52	163185.269	0	0	0	0.037521972	0.063072311	0	0	0.262933028	0.001742828	0.044060325	5.78E-05	0.00069234	0.460492185	0.129203515	0.000223721	Qingwan_Inner_Bay#5m
澎湖	Penghu	桶盤嶼	23.51339	119.52228	2021期末	25.052	1.091	0.737	36.147	177.4	130858.264	0	0	0	0.045532349	0.097876235	0	0	0.310338449	0.000873649	0.037488364	0.001476695	0.004799689	0.38558941	0.005660378	0.110364783	Tongpanyu#5m
澎湖	Penghu	虎井嶼	23.49275	119.5205	2021期末	25.08	0.862	0.687	36.679	151.24	101203.945	0	0	0	0.147254405	0.08551818	0	0	0.342170831	7.78E-05	0.018456075	0.004487105	0.000982155	0.390799947	0.006955646	0.00329788	Hujingyu_North#5m
澎湖	Penghu	花嶼	23.4047	119.31565	2021期中	24.808	0.945	1.119	36.68	157.36	1181.261	0	0	0	0.039632973	0.115834689	0	0	0.224825213	0.001887974	0.02257721	0	0.000186896	0.589991029	0.003918682	0.001145335	Huayu#5m
澎湖	Penghu	貓嶼	23.32628	119.32109	2021期中	24.924	0.941	1.04	37.018	154.72	1279.699	0	0	0	0.021744938	0.097053952	0	0	0.311150906	0.001898713	0.069699048	0	0.000700675	0.465008629	0.011332913	0.021410225	Maoyu#5m
澎湖	Penghu	西嶼坪	23.2739	119.50825	2021期末	25.467	0.734	0.346	37.824	137.16	3091.714	0	0	0	0.020704416	0.216186247	0	0	0.454086209	0.011646458	0.018035033	0	2.39E-05	0.268937689	0.00950535	0.000874691	Xiyuping#5m
澎湖	Penghu	頭巾嶼	23.28883	119.50281	2021期末	25.411	0.734	0.35	37.824	137.16	3381.546	0	0	0	0.039378297	0.127835997	0	0	0.211740461	9.04E-06	0.177975372	9.86E-05	0.000319639	0.348026062	0.00433947	0.090277058	Toujinyu#5m
澎湖	Penghu	東嶼坪	23.25962	119.51113	2021期末	25.521	0.734	0.336	37.824	137.16	3264.916	0	0	0	0.150295286	0.044228432	0	0	0.510163282	0	0.042339111	0	0.000159452	0.238487063	0.012165756	0.002161619	Dongyuping#5m
澎湖	Penghu	東吉嶼	23.25038	119.67429	2021期中	26.121	0.493	0.894	38.422	109.2	1378.138	0	0	0	0.025661353	0.083464244	0	0	0.291912876	0.001336448	0.036745553	8.74E-05	0.000148965	0.534444573	0.017596204	0.008602372	Dongjiyu#5m
澎湖	Penghu	西吉嶼	23.24467	119.61939	2021期中	25.941	0.481	0.709	38.457	104.96	1378.138	0	0	0	0.013606889	0.059988589	0	0	0.223816736	0	0.335667648	0.000136747	3.91E-05	0.344331485	0.005622196	0.016790596	Xijiyu#5m
澎湖	Penghu	七美	23.19146	119.43095	2021期末	25.507	0.621	0.679	38.068	122.08	4861.863	0	0	0	0.063854834	0.171513506	0	0	0.233234576	0.003354644	0.087880166	0	5.30E-05	0.420237951	0.015599885	0.004271397	Qimei#5m
小琉球	Liuqiu	花瓶石	22.356	120.38	已採樣，未納入分析	27.264	0.654	0.69	39.955	106.84	19247.334	0	0	0.000534323	0.102297181	0.220229648	0	5.01E-05	0.048279435	0.004708099	0.003692626	0.011065852	0.00169867	0.59155122	0.015412505	0.000480353	Huapingyan#5m
小琉球	Liuqiu	美人洞	22.353	120.37	2022期中	27.268	0.36	0.696	40.286	78	19247.334	0	0	0	0.076627694	0.202871444	0	0	0.099484431	0.004352493	0.009199849	0.000974683	0.00057621	0.582722639	0.018728075	0.004462482	Meirendong#5m
小琉球	Liuqiu	中澳沙灘	22.352	120.387	2022期中	27.267	0.654	0.688	39.955	106.84	19247.334	0	0	0	0.094217095	0.157267084	0	0	0.031685935	0.001974998	0.002251294	0.000312596	0.000355561	0.68969582	0.020066431	0.002173185	Zhongao_Beach#5m
小琉球	Liuqiu	肚仔坪	22.35	120.364	已採樣，未納入分析	27.273	0.36	0.7	40.286	78	19247.334	0	0	0	0.055194124	0.14409614	0	0	0.060164744	0.002926253	0.008555792	0.000802295	0.001469945	0.715150138	0.003947462	0.007693107	Duziping#5m
小琉球	Liuqiu	龍蝦洞	22.345	120.389	2022期末	27.272	0.654	0.69	39.955	106.84	19247.334	0	0	0	0.022384378	0.20003085	0	0	0.012520292	0.003729581	0.00415063	0	0.00016083	0.747860854	0.008986072	0.000176513	Longxiadong#5m
小琉球	Liuqiu	杉福	22.341	120.361	2022期中	27.282	0.36	0.707	40.286	78	19247.334	0	0	0	0.047861976	0.201472919	0	0	0.136512199	0.004158021	0.009156286	0.00099306	0.000534259	0.590246637	0.006344983	0.00271966	Shanfu#5m
小琉球	Liuqiu	烏鬼洞	22.331	120.355	2022期中	27.293	0.319	0.715	40.534	74.84	19247.334	0	0	0	0.031354458	0.304472724	0	0	0.089949573	0.004457629	0.018392993	0.000332776	8.26E-05	0.539422625	0.008014629	0.003520018	Wuguidong#5m
小琉球	Liuqiu	大福	22.33	120.371	2022期中	27.288	0.319	0.707	40.534	74.84	19247.334	0	0	0	0.026860967	0.187107269	0	0	0.052124626	0.006721913	0.005383324	0	0.00014637	0.714766575	0.00512067	0.001768285	Dafu#5m
小琉球	Liuqiu	厚石	22.324	120.367	2022期中	27.295	0.319	0.712	40.534	74.84	19247.334	0	0	0	0.046068014	0.127455597	0	0	0.114040623	0.00189149	0.011514199	0	0	0.689333515	0.00564023	0.004056333	Houshi#5m
墾丁	Kenting	佳樂水	21.99726	120.873188	2023期中	27.258	0.352	1.605	37.972	85.16	14655.324	0	0	0	0.020973425	0.217615144	0	0	0.26549324	0.008298462	0.09431397	0	0.000528047	0.374671915	0.016307061	0.001798736	Jialeshui#5m
墾丁	Kenting	萬里桐	21.99535	120.700647	2022期末	27.454	0.285	1.457	39.112	68.72	28763.65	0	0	0	0.027819911	0.092617902	0	0	0.090565202	0.001828703	0.031034357	8.77E-05	1.11E-05	0.750301909	0.00474077	0.000992424	Wanlitung#5m
墾丁	Kenting	紅柴	21.976484	120.714387	2023期中	27.446	0.331	1.502	38.389	75.28	29199.867	0	0	0	0.03	0.091	0	0	0.189	0.006	0.02	0	0	0.649	0.013	0.002	
墾丁	Kenting	紅柴坑	21.965385	120.711864	2022期末	27.45	0.331	1.5	38.389	75.28	27187.639	0	0	0.000190786	0.022330083	0.114001018	0	0	0.174308747	0.010738977	0.019635742	0.000142353	0.001239256	0.647840598	0.008015785	0.001556656	Hongchaikeng#5m
墾丁	Kenting	頂白砂	21.942043	120.709931	2023期中	27.457	0.308	1.504	38.716	77.68	21679.977	0	0	0	0.023911528	0.092857276	0	0	0.223124601	0.006342005	0.02572721	0.000138448	0	0.617575317	0.00762076	0.002702854	Dingbaisha#5m
墾丁	Kenting	電廠出水口	21.930777	120.744966	2023期中	27.42	0.308	1.581	38.716	77.68	24252.888	0	0	0	0.01491268	0.166048132	0	0	0.264763037	0.004858049	0.112288507	0.000425012	0.000285625	0.430697193	0.00547951	0.000242254	Outlet#5m
墾丁	Kenting	小灣	21.936339	120.8059	2023期中	27.358	0.31	1.608	38.278	77.32	25398.99	0	0	0	0.022390268	0.152116202	0	0	0.140654577	0.014838794	0.030512158	0.000270776	0.00026311	0.595235929	0.043539834	0.000178351	Xiaowan#5m
墾丁	Kenting	貓鼻頭	21.918296	120.73564	2022期末	27.438	0.308	1.564	38.716	77.68	19249.406	0	0	0	0.016064407	0.165920633	0	0	0.170182691	0.002507529	0.217843462	0.000284478	5.07E-05	0.417988528	0.007108143	0.002049459	Maobitou#5m
綠島	Green Island	柴口	22.678983	121.47965	2023期中	27.354	0.15	1.598	34.344	47.4	3714.192	0	0	0	0.128025118	0.110480319	0	0	0.476421569	0.000459897	0.034084978	1.97E-05	9.51E-05	0.227233427	0.022493826	0.000685996	Chaikou#5m
綠島	Green Island	海參坪	22.6585	121.507583	2023期中	27.373	0.127	1.634	34.578	45.68	3714.192	0	0	0	0.020409034	0.191754529	0	0	0.50212534	0.000648548	0.05905126	0.000603577	0.000368543	0.20561632	0.017036802	0.002386047	Haishenping#5m
綠島	Green Island	龜灣	22.64285	121.479117	2023期中	27.376	0.135	1.612	34.644	43.88	3714.192	0	0	4.04E-05	0.114704089	0.121628146	0	7.55E-05	0.329260904	0.00083957	0.026993354	4.54E-05	0.001984213	0.388812499	0.014305844	0.001310126	Guiwan#5m
綠島	Green Island	大白沙	22.639983	121.489167	2023期中	27.38	0.135	1.624	34.644	43.88	3714.192	0	0	0	0.030775624	0.176812928	0	0	0.361933493	0.000726087	0.03003546	0	0.002171663	0.391598	0.002783912	0.003162834	Dabaisha#5m
