Station	Acari	Actiniaria	Amphipoda	Ascidiacea	Bivalvia	Bryozoa	Calanoida	Chaetognatha	Cirripedia	Cumacea	Cyclopoida	Decapoda	Echinoidea	Gastropoda	Harpacticoida	Hirudinea	Holothuroidea	Hydrozoa	Isopoda	Megalopa	Mysida	Nematoda	Nemertea	Oligochaeta	Ophiuroidea	Ostracoda	Platyhelminthes	Polychaeta	Polyplacophora	Pycnogonida	Scaphopoda	Sipuncula	Tanaidacea
石雨傘	0	0	0	0	0	0	0	0	0	0	0	1	0	0	1	0	0	0	0	0	0	4	0	0	0	0	0	0	0	0	0	0	0
協和	0	0	0	0	4	0	0	0	0	0	0	1	0	0	36	0	0	0	0	0	0	95	21	3	0	0	1	17	0	0	0	0	0
卯澳	0	0	12	0	2	0	0	0	0	0	0	0	0	0	1	0	0	0	4	0	0	9	7	15	0	0	0	13	0	0	0	0	0
和平島	0	0	2	0	0	0	0	0	0	0	0	0	0	0	0	0	0	0	2	0	0	2	0	0	6	1	2	46	0	1	0	1	0
基隆嶼	1	0	0	0	0	0	0	0	0	0	0	1	0	0	17	0	0	0	2	0	0	14	0	0	0	0	1	1	0	0	0	1	0
外木山	0	0	1	0	6	0	0	0	0	0	0	8	0	0	47	0	1	0	2	0	0	75	5	5	0	1	10	49	1	0	0	1	0
小香蘭	3	0	2	0	0	0	0	0	0	0	0	0	0	0	17	0	0	0	0	0	0	11	1	0	0	0	1	4	0	0	0	0	0
彭佳嶼	0	0	0	0	0	0	0	1	0	0	0	0	0	0	13	0	0	0	2	0	0	4	0	0	0	2	3	6	0	0	0	0	1
桂安漁港	0	0	8	0	3	0	0	0	0	0	2	0	0	1	3	0	1	0	8	0	0	2	6	0	0	0	0	20	0	3	0	4	0
深澳	1	0	4	0	5	0	1	0	0	0	1	1	0	0	17	1	0	0	0	0	0	58	3	1	0	1	3	68	2	0	0	0	0
潮境	0	0	9	0	1	0	0	5	0	0	0	2	0	0	40	0	1	0	2	0	0	14	4	5	0	1	0	30	0	0	0	1	0
花瓶嶼	0	0	2	0	0	0	0	0	0	0	0	0	0	15	5	0	0	0	4	0	0	2	0	0	0	1	9	20	0	5	0	0	0
蝙蝠洞	0	0	1	0	0	0	0	0	0	0	0	0	0	0	1	0	0	0	0	0	0	26	3	1	0	0	0	7	0	0	0	0	0
馬崗	0	0	6	0	1	0	0	0	0	0	0	0	0	0	5	0	0	0	0	0	0	5	0	10	0	1	26	110	1	0	0	0	0
鼻頭	0	0	3	0	0	0	0	0	0	0	0	3	0	1	0	0	0	0	0	0	0	1	0	0	0	0	0	24	1	0	0	0	1
龍洞	1	0	6	0	0	0	0	0	0	0	0	0	0	0	6	0	0	0	1	0	0	0	0	0	0	0	0	152	0	0	0	0	0
82.5	0	0	1	0	0	0	0	0	0	0	0	1	0	0	0	0	0	0	0	0	0	22	0	47	0	0	0	13	0	0	0	0	0
七美	0	0	3	0	0	2	0	0	0	0	0	0	0	0	0	0	0	0	8	0	0	2	1	0	30	1	0	10	0	0	0	0	0
北鐵砧	1	0	2	0	0	3	2	0	0	0	3	0	0	1	16	0	0	0	10	0	0	68	1	3	0	1	0	27	1	0	0	0	0
南鐵砧	0	0	2	0	0	0	0	0	0	1	0	0	0	1	29	0	0	0	0	0	0	194	0	11	12	1	0	137	0	0	0	0	0
四角嶼	0	1	95	0	5	0	0	0	0	3	0	3	0	3	0	0	0	1	11	0	0	2	1	0	74	9	1	28	4	0	0	4	0
姑婆嶼	0	0	10	0	1	0	0	0	0	2	0	1	0	1	0	0	0	0	1	0	0	6	0	2	0	0	0	27	0	0	0	0	1
小門嶼	0	0	1	0	0	1	2	0	0	1	0	0	0	6	4	0	0	0	1	0	2	1	3	0	5	0	1	38	4	0	0	0	0
懷恩堂	1	0	4	0	3	0	1	0	0	1	1	1	0	0	10	0	0	1	0	0	0	123	13	12	0	1	0	28	0	0	0	0	95
東吉嶼	0	0	43	0	0	0	0	0	0	0	0	0	0	3	0	0	0	0	6	2	0	3	1	0	18	0	0	43	1	0	0	0	1
東嶼坪	0	0	1	0	2	0	0	3	0	0	2	0	0	0	65	0	0	2	107	0	0	1	0	0	16	2	0	110	0	0	0	0	0
桶盤嶼	0	0	0	0	3	0	0	0	0	3	0	0	0	2	1	0	0	0	3	0	0	18	0	3	55	1	0	24	0	0	0	0	0
澎澎灘	0	0	6	0	2	0	0	0	0	1	0	0	0	0	2	0	0	0	3	0	0	2	0	0	0	0	0	46	0	0	0	0	0
目斗嶼	0	0	1	0	0	0	0	0	0	0	1	0	0	0	11	0	0	0	5	0	0	5	2	1	0	0	5	33	1	0	0	0	1
花嶼	0	0	0	0	0	0	0	0	0	2	2	2	0	0	0	0	0	0	6	0	0	0	1	0	0	0	0	13	0	0	0	0	0
虎井嶼	0	0	10	0	2	0	0	0	0	4	0	0	0	2	1	0	2	0	2	0	0	9	4	0	12	3	0	47	0	0	0	1	2
西吉嶼	0	0	24	0	1	1	0	0	0	1	0	3	1	0	2	0	0	0	21	0	0	4	1	0	20	0	0	49	0	0	0	0	0
西嶼坪	0	0	7	0	0	0	0	1	1	0	0	1	0	0	21	0	0	0	10	0	0	31	3	6	11	5	3	17	0	0	0	0	0
貓嶼	0	0	15	0	0	3	0	0	0	0	0	2	0	0	0	0	0	0	5	0	0	6	0	0	10	0	0	18	0	0	0	0	0
雞籠嶼	0	0	207	1	11	0	0	0	0	3	0	0	0	8	2	0	0	0	0	0	0	43	4	0	11	5	0	27	0	0	0	0	22
青灣內灣	0	0	1	0	7	0	0	0	0	0	0	0	0	0	0	0	0	0	0	0	0	8	0	0	0	0	0	7	0	0	0	0	0
頭巾嶼	8	0	4	0	5	9	0	0	0	1	0	2	0	0	100	0	0	0	28	0	0	48	0	22	6	5	2	105	0	0	1	1	2
鯨魚洞	0	0	0	0	0	0	0	0	0	0	10	0	0	3	2	0	0	0	0	0	0	19	0	0	9	1	8	5	0	0	0	0	0
大潭	0	0	0	0	0	0	0	0	0	1	0	1	0	0	0	0	0	0	0	0	0	0	0	0	0	0	0	5	0	0	0	0	0
觀新	0	0	2	0	0	0	0	0	0	1	0	0	0	0	0	0	0	0	0	0	0	1	0	2	0	1	1	24	0	0	0	0	0
