Station_zh	Location_en	Location_zh	Lat	Lon	Progress	Acari	Actiniaria	Amphipoda	Aplacophora	Ascidiacea	Bivalvia	Bryozoa	Calanoida	Cephalochordata	Chaetognatha	Cirripedia	Cumacea	Cyclopoida	Decapoda	Echinoidea	Gastropoda	Harpacticoida	Hirudinea	Holothuroidea	Hydrozoa	Isopoda	Mysida	Nematoda	Nemertea	Nudibranchia	Oligochaeta	Ophiuroidea	Ostracoda	Platyhelminthes	Polychaeta	Polyplacophora	Priapulida	Pycnogonida	Scaphopoda	Sipuncula	Tanaidacea	Total_mg	Biomass_per_area_g_m_2
彭佳嶼	North	北台灣	25.629	122.078	2021期末	0	0	0	0	0	0	0	0	0	0.081649992	0	0	0	0	0	0	0.264649531	0	0	0	0.0135148	0	0.240570649	0	0	0	0	0.214587	1.942809	70.7229032	0	0	0	0	0	0.0668395	73.54752367	21.49761606
棉花嶼	North	北台灣	25.485	122.105	2022期末	0.002113454	0	0.324649	0	0	0	0	0	0	0	0	0	0	0	0	0	0.068841719	0	0	0	0.010769606	0	0.13706388	0	0	0	0	0.034260188	0	20.11462733	0	0.049820999	0	0	0	0.07119	20.81333618	6.083646161
花瓶嶼	North	北台灣	25.424	121.946	2021期末	0	0	0.059325	0	0	0	0	0	0	0	0	0	0	0	0	9.797185869	0.026693635	0	0	0	0.0868066	0	0.053901	0	0	0	0	0.073224	0.44917474	14.93114273	0	0	0.596399965	0	0	0	26.07385354	7.621272134
基隆嶼	North	北台灣	25.191	121.785	2021期末	0.002536144	0	0	0	0	0	0	0	0	0	0	0	0	2.49209974	0	0	0.164547069	0	0	0	2.6683933	0	0.173267759	0	0	0	0	0	5.414508	4.9277492	0	0	0	0	3.5659749	0	19.40907611	5.673187152
潮境	North	北台灣	25.14431	121.80504	2021期末	0	0	18.687827	0	0	0.635625	0	0	0	0.117844371	0	0	0	50.2733158	0	0	0.436418037	0	2.22851255	0	0.007238696	0	0.688944344	13.43175653	0	1.140380463	0	0.008814	0	23.50907116	0	0	0	0	3.87038673	0	115.0361347	33.62455366
深澳	North	北台灣	25.13507	121.8199	2021期末	0.045087	0	1.468484438	0	0	2.535285605	0	0.01848958	0	0	0	0	0.020967184	8.87499966	0	0	0.402050469	0.034848488	0	0	0	0	0.488547617	0.038287302	0	0.025266099	0	0.046718438	0.484847688	61.27801623	10.86032401	0	0	0	0	0	86.62221981	25.31929194
鼻頭	North	北台灣	25.12585	121.91388	2021期末	0	0	3.574642	0	0	0	0	0	0	0	0	0	0	29.1827698	0	31.4174917	0	0	0	0	0	0	0.000592911	0	0	0	0	0	0	85.3594203	49.133304	0	0	0	0	0.069156	198.7373767	58.09005671
82.5	North	北台灣	25.121	121.898	2021期末	0	0	3.719056	0	0	0	0	0	0	0	0	0	0	4.34919372	0	0	0	0	0	0	0	0	0.437400626	0	0	21.83533547	0	0	0	64.71346579	0	0	0	0	0	0	95.05445161	27.78399603
龍洞	North	北台灣	25.11339	121.91933	2021期末	0.01127175	0	1.0276785	0	0	0	0	0	0	0	0	0	0	0	0	0	0.055890857	0	0	0	0.0098762	0	0	0	0	0	0	0	0	29.62587995	0	0	0	0	0	0	30.73059726	8.982417738
美艷山	North	北台灣	25.071	121.924	2022期末	0	0	0.069156	0	0	2.28825	0	0	0	0	0	0	0	0	0	0	0.0025425	0	0	0	0	0	1.350279313	0	0	0.1700876	0	0	0	44.59130574	0	0	0	0	0	0	48.47162115	14.1680406
桂安漁港	North	北台灣	25.023	121.963	2022期中	0	0	4.422707	0	0	2.163121258	0	0	0	0	0	0	0.05963507	0	0	1.26468696	0.017515	0	8.16499919	0	5.093479294	0	0.024305362	146.1101375	0	0	0	0	0	37.29202791	0	0	0.470374964	0	111.9339946	0	317.0169841	92.6626631
馬崗	North	北台灣	25.018	121.999	2022期中	0	0	0.4249365	0	0	12.718602	0	0	0	0	0	0	0	0	0	0	0.061231875	0	0	0	0	0	0.073215525	0	0	1.113088985	0	0.225583369	4.030331939	23.15644336	0.332114006	0	0	0	0	0	42.13554756	12.31603429
卯澳	North	北台灣	25.018	121.99	2021期末	0	0	11.203611	0	0	100.7424945	0	0	0	0	0	0	0	0	0	0	0.013601855	0	0	0	3.184522269	0	0.488203321	19.5253317	0	3.343864575	0	0	0	15.59086414	0	0	0	0	0	0	154.0924934	45.04055466
龜山島(I)	North	北台灣	24.843	121.937	2022期末	0	0	0	0	0	0	0	0	0	0	0	0.115712	0	0	0	0	0.00339	0	0	0	0	0	0.076734063	0	0	0	0	0	0	0	0	0	0	0	0	0	0.195836063	0.057242015
龜山島(II)	North	北台灣	24.84581	121.94379	2022期末	0	0	0	0	0	0	0	0	0	0	0	0	0	0	0	0	0	0	0	0	0	0	0.006737625	0	0	0	0	0	0	0.036607763	0	0	0	0	0	0	0.043345388	0.012669665
小香蘭	North	北台灣	25.02667	121.97327	2021期末	0.002648861	0	0.040510218	0	0	0	0	0	0	0	0	0	0	0	0	0	0.116416483	0	0	0	0	0	0.031012727	2.93940007	0	0	0	0	0.026103	1.705891844	0	0	0	0	0	0	4.861983202	1.421136198
和平島	North	北台灣	25.16083	121.7715	2021期末	0	0	0.25199	0	0	0	0	0	0	0	0	0	0	0	0	0	0	0	0	0	0.120431163	0	0.12726625	0	0	0	13.6627283	0.06102	1.960211	246.7601756	0	0	0.058242178	0	0.523513971	0	263.5255784	77.02736168
外木山	North	北台灣	25.1656	121.7224	2021期末	0	0	0.013221	0	0	7.65338378	0	0	0	0	0	0	0	13.01982395	0	0	0.744372134	0	0.177499948	0	0.078663066	0	0.601985677	0.187755031	0	0.222968244	0	0.700776619	0.67676752	6.944340836	2.79675	0	0	0	4.34519917	0	38.16350698	11.15502439
協和	North	北台灣	25.15898	121.7405	2021期末	0	0	0	0	0	4.30826625	0	0	0	0	0	0	0	0.665624918	0	0	0.097974532	0	0	0	0	0	0.353570915	0.535800275	0	0.116879075	0	0	0.007691063	22.67832171	0	0	0	0	0	0	28.76412874	8.407627682
蝙蝠洞	North	北台灣	25.1277	121.8314	2021期末	0	0	0.706589	0	0	0	0	0	0	0	0	0	0	0	0	0	0.000025425	0	0	0	0	0	0.064012117	6.293373297	0	0.265761875	0	0	0	9.139663175	0	0	0	0	0	0	16.46942489	4.813940094
粉鳥林	East	東台灣	24.498	121.844	2022期末	0.0676305	0	0	0	0	0.390528	0	0	0	0	0	0	0	68.33749128	0.138449996	15.73488921	0.0234475	0	0	0	1.133164	0	0.134977088	0	0	0	8.323639325	0	6.681125	6.02238924	0	0	0	0	0	0	106.9877311	31.27204088
烏石鼻	East	東台灣	24.482	121.862	2022期中	0	0	0.089119333	0	0	0	0	0	0	0	0	0.024408	0	0	0	1.593566793	0.801627731	0	0	0	0	0	0.963616943	0	0	0	0	4.8787185	0	6.450455913	0	0	0	0	0	0	14.80151321	4.326416884
磯崎	East	東台灣	23.694	121.552	2022期中	0	0	0.452	0	0	0	0	0	0	0	0	0	0	0	0	0	0.002065781	0	0	0	0.0057178	0	0.01467305	0	0	0	0	0	0	3.46972715	0	0	0	0	0	0	3.944183781	1.152867484
新社	East	東台灣	23.661	121.543	2022期中	0	0	0	0	0	0	0	0	0	0	0	0	0	0	0	0	0	0	0	0	0	0	0.002107241	0	0	0	0	0	0	0.02545325	0	0	0	0	0	0	0.027560491	0.00805581
石梯坪	East	東台灣	23.483	121.514	2022期末	0	0	0	0	0	0	0	0	0	0	0	0	0	7.98749879	0	0	0.0070625	0	0	0	0	0	0.165526977	0	0	0.102935938	0	0	0	3.687502163	0	0	0	0	0	0	11.95052637	3.493086031
石雨傘	East	東台灣	23.177	121.404	2022期中	0	0	0	0	0	0	0	0	0	0	0	0	0	0	0	0	0.00889875	0	0	0	0	0	0.01442039	0	0	0	0	0	0	0	0	0	0	0	0	0	0.02331914	0.006816082
基翬	East	東台灣	23.118	121.397	2022期中	0	0	0.65088	0	0	0	0	0	0	0	0	0	0	1.15019988	0	0	0.030333438	0	0	0	0	0	0.075910575	0	0	0	0	0	2.17525	23.95075963	0	0	0	0	0	0.04771425	28.08104777	8.207966133
加母子灣	East	東台灣	23.116	121.397	2022期中	0	0	0	0	0	0	0	0	0	0	0	0	0	0	0	0	0.005755938	0	0	0	0	0	0.048013065	0	0	0	0	0	0	1.0247179	0	0	0	0	0	0	1.078486902	0.315236954
目斗嶼	Penghu	澎湖	23.78733	119.60176	2021期末	0	0	0.03616	0	0	0	0	0	0	0	0	0	0.020338542	0	0	0	0.1765625	0	0	0	1.10236585	0	0.087776287	9.742974582	0	0.06737625	0	0	2.4791635	6.947090275	0.477312	0	0	0	0	0.077292	21.21441179	6.200878789
姑婆嶼	Penghu	澎湖	23.71495	119.55799	2021期中	0	0	4.39375075	0	0	0.257428125	0	0	0	0	0	1.44674352	0	3.06719968	0	2.5630999	0	0	0	0	0.0686136	0	0.072145365	0	0	0.109748425	0	0	0	6.650604841	0	0	0	0	0	0.025742813	18.65507702	5.45279655
北鐵砧	Penghu	澎湖	23.71258	119.56742	2021期中	0.016196098	0	0.08986325	0	0	0	55.95628298	0.021674412	0	0	0	0	0.015282921	0	0	0.453882241	0.101993094	0	0	0	0.19297575	0	1.36656016	0	0	0.1347525	0	0.015096088	0	5.493073374	3.659392	0	0	0	0	0	67.51702487	19.73492792
南鐵砧	Penghu	澎湖	23.27507	119.50363	2021期末	0	0	0.214432145	0	0	0	0	0	0	0	0	0.075333337	0	0	0	0.023962498	0.267211006	0	0	0	0	0	1.356780832	0	0	1.081261043	0.548659861	0.016685151	0	62.74458894	0	0	0	0	0	0	66.32891481	19.3876486
澎澎灘	Penghu	澎湖	23.67268	119.6388	2021期中	0	0	5.125694125	0	0	29.4355395	0	0	0	0	0	0.210519	0	0	0	0	0.157383891	0	0	0	0.355351936	0	0.011603688	0	0	0	0	0	0	24.63398916	0	0	0	0	0	0	59.9300813	17.51729785
鯨魚洞	Penghu	澎湖	23.65721	119.5224	2021期中	0	0	0	0	0	0	0	0	0	0	0	0	0.152206261	0	0	4.154090519	0.006215	0	0	0	0	0	0.153393263	0	0	0	1.25536898	0.2740815	6.763085313	3.8245754	0	0	0	0	0	0	16.58301623	4.847142342
小門嶼	Penghu	澎湖	23.65166	119.52856	2021期中	0	0	0.008136	0	0	0	0.86264991	0.111677075	0	0	0	0.218768	0	0	0	1.07387516	0.04053875	0	0	0	0.41584	1.147537487	0.0263516	14.12899817	0	0	0.57953745	0	5.03415	11.28761803	5.218114	0	0	0	0	0	40.15379162	11.7367758
四角嶼	Penghu	澎湖	23.55648	119.54309	2021期末	0	8.54928733	58.76985925	0	0	143.0243331	0	0	0	0	0	0.573362	0	7.09467449	0	1.581155664	0	0	0	0.0130515	2.615861013	0	0.005392873	0.085865615	0	0	6.550081827	11.7112635	23.26896	448.3873179	33.191829	0	0	0	2.908337726	0	748.3306328	218.7337361
雞籠嶼	Penghu	澎湖	23.5424	119.53077	2021期末	0	0	34.821063	0	11.360003	15.449247	0	0	0	0	0	0.383861	0	0	0	1.321117691	0.025213125	0	0	0	0	0	0.156615347	0.866199918	0	0	22.01083145	8.782812	0	2.806520206	0	0	0	0	0	4.679104	102.6625877	30.00782058
懷恩堂	Penghu	澎湖	23.53386	119.61486	2021期末	0.001127175	0	0.495731	0	0	6.827121	0	0.221874935	0	0	0	0.620144	0.004194824	2.21874935	0	0	0.038769594	0	0	0.0548163	0	0	0.479511067	1.242721862	0	1.122263738	0	0.15255	0	1.582144075	0	0	0	0	0	67.12952863	82.19124754	24.02413834
青灣	Penghu	澎湖	23.53421	119.56421	2022期中	0	0	4.812444	0	0	248.6641275	0	0	0	0	0	0	0	0	0	2.287086778	0.02147	0	89.4599869	0	0	0	0.00674317	0	0	0	0.286662468	0	0	0.529161417	0	0	0	0	0	0	346.0676822	101.1540538
青灣內灣	Penghu	澎湖	23.52964	119.55956	2021期中	0	0	0.3164	0	0	185.5704645	0	0	0	0	0	0	0	0	0	0	0	0	0	0	0	0	0.025674843	0	0	0	0	0	0	77.28239138	0	0	0	0	0	0	263.1949307	76.93071482
桶盤嶼	Penghu	澎湖	23.51339	119.52228	2021期末	0	0	0	0	0	4.5892125	0	0	0	0	0	0.1914785	0	0	0	0.300566689	0.002825	0	0	0	0.07108265	0	0.092846721	0	0	0.13804645	20.69416935	0.1017	0	1.6068487	0	0	0	0	0	0	27.78877656	8.12253655
虎井嶼	Penghu	澎湖	23.49275	119.5205	2021期末	0	0	5.811025	0	0	5.250771	0	0	0	0	0	1.6852255	0	0	0	0.765172833	0.006361482	0	34.9222319	0	0.252200406	0	0.381707251	1.186739899	0	0	0.342242083	1.03734	0	16.56266269	0	0	0	0	12.7240825	0.14125	81.06901254	23.69611401
花嶼	Penghu	澎湖	23.4047	119.31565	2021期中	0	0	0	0	0	0	0	0	0	0	0	0.4771425	0.03066497	29.05253052	0	0	0	0	0	0	0.486104599	0	0	0	0	0	0	0	0	3.295404807	0	0	0	0	0	0	33.3418474	9.74567461
貓嶼	Penghu	澎湖	23.32628	119.32109	2021期中	0	0	5.273032	0	0	0	0.123066662	0	0	0	0	0	0	20.66898481	0	0	0	0	0	0	1.891974538	0	0.180156606	0	0	0	3.140862572	0	0	13.42928443	0	0	0	0	0	0	44.70736161	13.06776417
西嶼坪	Penghu	澎湖	23.2739	119.50825	2021期末	0	0	1.022876	0	0	0	0	0	0	0.133124961	7.09999905	0	0	4.9699999	0	0	0.145787656	0	0	0	0.166457829	0	0.653025582	5.67689287	0	0.284552363	0.219656248	0.070745063	0.31043925	6.904568375	0	0	0	0	0	0	27.65812515	8.08434772
頭巾嶼	Penghu	澎湖	23.28883	119.50281	2021期末	0.025030331	0	2.823079	0	0	2.50614225	1.555787512	0	0	0	0	0.155601	0	35.07044835	0	0	0.349170006	0	0	0	0.108004694	0	0.377449256	0	0	1.738831191	0.268246858	0.173080688	9.456744	28.91339483	0	0	0	0.011833337	0.250053067	0.064749	83.84764537	24.5082961
東嶼坪	Penghu	澎湖	23.25962	119.51113	2021期末	0	0	0.3955	0	0	0.66130425	0	0	0	0.243035326	0	0	0.013493083	0	0	0	0.48558185	0	0	0.043892093	2.276629847	0	0.004042575	0	0	0	0.883949913	0.027679407	0	33.4234577	0	0	0	0	0	0	38.45856604	11.24126885
東吉嶼	Penghu	澎湖	23.25038	119.67429	2021期中	0	0	19.917041	0	0	0	0	0	0	0	0	0	0	4.68600039	0	1.71509366	0	0	0	0	0.38036365	0	0.02605215	0.709999905	0	0	0.796753169	0	0	10.98337683	1.203224	0	0	0	0	0.121814	40.53971875	11.84958059
西吉嶼	Penghu	澎湖	23.24467	119.61939	2021期中	0	0	11.83375132	0	0	0.199332	2.14775032	0	0	0	0	0.0904	0	31.73256056	0.074549999	0	0.028919638	0	0	0	0.587016643	0	0.055360819	0.676718693	0	0	1.215431051	0	0	161.1262525	0	0	0	0	0	0	209.7680435	61.31427187
七美	Penghu	澎湖	23.19146	119.43095	2021期末	0	0	1.21814	0	0	0	1.068489806	0	0	0	0	0	0	0	0	0	0	0	0	0	0.154337284	0	0.043320437	0.146437491	0	0	0.27946383	0.204099131	0	4.459703302	0	0	0	0	0	0	7.573991281	2.213844171
美人洞	Liuqiu	小琉球	22.353	120.37	2022期中	0	0	0.219672	0	0	0	0	0	0	0	0	0	0	0	0	0	0.003089844	0	0	0	0	0	0.193874462	0.14769946	0	0	0	0	0.137477744	15.06391543	0	0	0	0	0	0	15.76572894	4.608252878
中澳沙灘	Liuqiu	小琉球	22.352	120.387	2022期中	0	0	0.31671075	0	0	0	0	0.00069225	0	0	0	0.511325	0	0	0	0	0.048330454	0	0	0	0	0	0.260957575	1.936302799	0	0.086241606	0	0	0	17.1026534	0	0	0	0	0	0.32544	20.58865383	6.017972504
龍蝦洞	Liuqiu	小琉球	22.345	120.389	2022期末	0	0	0.009492	0	0	129.9090375	0	0	23.8311463	0	0	0	0	0	0	0	0.02523961	0	0	0	0	0	0.078547046	0.494670269	0	0.0574944	0	0	0	14.14329329	0	0	0	0	0	0	168.5489204	49.26610438
杉福	Liuqiu	小琉球	22.341	120.361	2022期中	0	0	0.301371	0	0	0	0	0	0	0	0	0	0	0	0	0	0	0	0	0	0.143757188	0	0.011534371	0	0	0	0	0.606195619	0	0.4940925	0	0	0	0	0	0	1.556950678	0.455089801
烏鬼洞	Liuqiu	小琉球	22.331	120.355	2022期中	0	0	4.591657717	0	0	2.90722219	0	0	0	0	0	0.3349885	0	0	0	0	0	0	0	0	0.670274918	0	0.170523944	2.42004755	17.93194175	1.1049705	10.60828609	0	0	35.61523499	0	1.030108	0	0	4.53689915	0.044831699	81.966987	23.95858797
大福	Liuqiu	小琉球	22.33	120.371	2022期中	0	0	0.012856889	0	0	0	0	0	0	0	0	0	0	0	0	0	0.003972656	0	0	0	0	0	0.220617014	0	0	0	0	0	0	7.904370922	0	0	0	0	0	0	8.141817482	2.37981726
厚石	Liuqiu	小琉球	22.324	120.367	2022期中	0	0	4.142740867	0	0	0.39129075	0	0	0	0	0	0.515619	0	163.583998	0	0	0.00226	0	1.590728572	0	0	0	0.006124862	0	2.61235547	0	0	0	0	2.5950337	0	0	0	0	0	0	175.4401512	51.28038069
大潭	Taoyuan	桃園	25.027083	121.025783	2021期末	0	0	0	0	0	0	0	0	0	0	0	0.3955	0	1.29397543	0	0	0	0	0	0	0	0	0	0	0	0	0	0	0	3.497950369	0	0	0	0	0	0	5.187425799	1.516261631
觀新	Taoyuan	桃園	25.006167	121.011167	2021期末	0	0	0.467933	0	0	0	0	0	0	0	0	0.0324875	0	0	0	0	0	0	0	0	0	0	0.0017967	0	0	0.0694724	0	0.279293625	0.079940438	4.621935831	0	0	0	0	0	0	5.552859494	1.623076284
佳樂水	Kenting	墾丁	21.99726	120.873188	2023期中	0	0	3.059136	0	0	0	0	0	0	0	0	0	0	0	0	0	0.002825	0	0	0	0.57178	0	0.006723762	0.077204278	0	0	0	0	0	4.51282379	0	0	0	0	0	0	8.230492831	2.405736672
萬里桐	Kenting	墾丁	21.99535	120.700647	2022期末	0	0	1.292268	0	0	81.1662615	0	0	22.02508651	0	0	0.00904	0	110.9099738	0	0	1.159492816	0	0	0	0.015565117	0	1.084560083	21.71692952	0	0.05599715	0	0	0.755744	15.66902939	0	0	0	0	0	0	255.8599479	74.78673177
紅柴	Kenting	墾丁	21.976484	120.714387	2023期中	0	0	9.889617705	0	0	0	0	0	0	0	0	0.275770172	0	0	0	0	0.010462963	0	0	0	0.2629238	48.9686969	0.038484871	0	0	0	0	0	1.174557256	42.7180314	0	0	0	0	0	0	103.3385451	30.20539992
紅柴坑	Kenting	墾丁	21.965385	120.711864	2022期末	0	0	0.664892	0	0	0.536022506	0	0	5.39599973	0	0	0.044748	0	3.40799977	0	0	0.168211744	0	0	0	0.019183869	0	0.334311724	0.30569438	0	0	0	0	4.441693949	9.701077129	0	0	0	0	0.371270789	0	25.39110559	7.421707925
頂白砂	Kenting	墾丁	21.942043	120.709931	2023期中	0	0	1.320706337	0.043090663	0	0	0	0	0	0	0	0	0.109392588	0.482799958	4.16357992	0	0.320133297	0	0.054762037	0	0.016214873	0	0.133337392	36.4469635	0	0	0	0	0.024031337	2.624199628	0	0	0	0	0.079874988	0	45.81908652	13.39271645
電廠出水口	Kenting	墾丁	21.930777	120.744966	2023期中	0	0	2.181653371	0	0	1.171584	0	0	0	0	0	0	0	0	0	0	4.318516358	0	0	0	0	0.001643518	1.544732663	0.428917241	0	0.12307395	0	0.691319028	0	2.172362074	0	0	0	0	0	0.215997407	12.84979961	3.755939625
小灣	Kenting	墾丁	21.936339	120.8059	2023期中	0	0	0.381688914	0	0	0	0	0	0	0	0	0	0	0	0	0	0.015819999	0	0	0	0	0	0.627826735	0.023962498	0	0	0	0	0	5.006471272	0	0	0	0	0	0	6.055769417	1.770074632
貓鼻頭	Kenting	墾丁	21.918296	120.73564	2022期末	0	0	0.059075982	0	0	0	0	0	0	0	0	0	0	0	0	0	0.026594891	0	0	0	0.036694028	0	0.106561574	0.032870367	0	0.03743125	0	0	4.419302355	3.969805509	0	0	0	0	0	0.004068	8.692403956	2.540751252
柴口	Green Island	綠島	22.678983	121.47965	2023期中	0	0	0.659758871	0	0	0.872204625	0	0	18.7484402	0	0	0.913776591	0.414506329	0	0	0	1.123375326	0	0	0	0.054376103	0	0.262147333	1.39142324	0	0.797510269	0	0.386142244	0.673045656	4.051246281	0	0	0	0	0	0.128577253	30.47653032	8.908155094
海參坪	Green Island	綠島	22.6585	121.507583	2023期中	0	0	15.94313859	0	0	0	0	0	0	0	0	0	0	0	0	0	0.019249236	0	0	0	0	0	0.006513038	0.836246748	0	2.32522925	0	0.354488119	4.9875375	20.10046541	0.93131775	0	0	0	0	0	45.50418564	13.30067232
龜灣	Green Island	綠島	22.64285	121.479117	2023期中	0	0	4.267269232	0	0	0	0	0	0	0	0	1.806510095	0	0.367424924	0	52.28024546	0.507654457	0	0	0	0.041389075	0	0.563409978	13.93330083	0	0	0	0.013317227	1.995380734	17.34552624	0	0	0	0	0	0.384354844	93.5057831	27.33132707
大白沙	Green Island	綠島	22.639983	121.489167	2023期中	0	0	2.643302229	0	0	6.645078	0	0	0	0	0	0	3.832397757	0	0	5.73177019	1.38670613	0	0	0	0.002599	0	2.818296543	2.018150782	0	0.167692	0.12359262	0	1.057088835	18.04768849	0	0	0	0	0	0.1187065	44.59306908	13.03435697
